2.588538000000000000e+06
4.379337000000000000e+06
5.796484000000000000e+06
5.764200000000000000e+05
1.420247000000000000e+06
4.054502000000000000e+06
6.175597000000000000e+06
7.844449000000000000e+06
4.102469000000000000e+06
6.413732000000000000e+06
5.972916000000000000e+06
5.659294000000000000e+06
6.003249000000000000e+06
3.687909000000000000e+06
7.677176000000000000e+06
6.825488000000000000e+06
2.104128000000000000e+06
2.405481000000000000e+06
6.971041000000000000e+06
6.447663000000000000e+06
4.000870000000000000e+05
1.661193000000000000e+06
5.238574000000000000e+06
5.468005000000000000e+06
7.343163000000000000e+06
3.688575000000000000e+06
3.895838000000000000e+06
7.860424000000000000e+06
7.287276000000000000e+06
3.697506000000000000e+06
4.549302000000000000e+06
4.777324000000000000e+06
7.371258000000000000e+06
4.393827000000000000e+06
5.705729000000000000e+06
7.156408000000000000e+06
3.259848000000000000e+06
2.277789000000000000e+06
5.320375000000000000e+06
6.632468000000000000e+06
4.919971000000000000e+06
5.127205000000000000e+06
5.748680000000000000e+06
5.393518000000000000e+06
6.090932000000000000e+06
4.535566000000000000e+06
3.112915000000000000e+06
7.163565000000000000e+06
7.690520000000000000e+05
7.490444000000000000e+06
4.136806000000000000e+06
7.126508000000000000e+06
2.153155000000000000e+06
2.979151000000000000e+06
3.249437000000000000e+06
7.170310000000000000e+05
1.567117000000000000e+06
2.352867000000000000e+06
4.524381000000000000e+06
5.698342000000000000e+06
3.956878000000000000e+06
4.531011000000000000e+06
7.764783000000000000e+06
7.019620000000000000e+06
3.483030000000000000e+05
5.332133000000000000e+06
6.720526000000000000e+06
6.779188000000000000e+06
6.387276000000000000e+06
2.720630000000000000e+05
3.416108000000000000e+06
6.466800000000000000e+06
3.043253000000000000e+06
1.114028000000000000e+06
5.323424000000000000e+06
6.875120000000000000e+05
5.674040000000000000e+06
7.978599000000000000e+06
4.535964000000000000e+06
5.874134000000000000e+06
4.584827000000000000e+06
5.782262000000000000e+06
4.282032000000000000e+06
7.297130000000000000e+06
2.423641000000000000e+06
7.228971000000000000e+06
7.307353000000000000e+06
4.679033000000000000e+06
7.278130000000000000e+05
6.648755000000000000e+06
5.135822000000000000e+06
5.433446000000000000e+06
4.069986000000000000e+06
3.045580000000000000e+05
7.786662000000000000e+06
1.485457000000000000e+06
5.565083000000000000e+06
6.666937000000000000e+06
3.669071000000000000e+06
6.718910000000000000e+06
4.009334000000000000e+06
3.272861000000000000e+06
6.182526000000000000e+06
9.411960000000000000e+05
3.981525000000000000e+06
4.082282000000000000e+06
1.396729000000000000e+06
7.008778000000000000e+06
5.166132000000000000e+06
5.175388000000000000e+06
5.039179000000000000e+06
3.170338000000000000e+06
4.368539000000000000e+06
5.840143000000000000e+06
1.717733000000000000e+06
6.148216000000000000e+06
1.877090000000000000e+06
7.059905000000000000e+06
3.298263000000000000e+06
1.809087000000000000e+06
4.991357000000000000e+06
6.862084000000000000e+06
5.166440000000000000e+05
1.922450000000000000e+05
4.656512000000000000e+06
3.590650000000000000e+05
1.864991000000000000e+06
1.071077000000000000e+06
1.115210000000000000e+05
5.569615000000000000e+06
1.716195000000000000e+06
7.210826000000000000e+06
3.993838000000000000e+06
4.349760000000000000e+05
6.598664000000000000e+06
6.766790000000000000e+06
5.105322000000000000e+06
7.107299000000000000e+06
5.909564000000000000e+06
6.275973000000000000e+06
7.433035000000000000e+06
5.533130000000000000e+05
5.313226000000000000e+06
2.449665000000000000e+06
3.526070000000000000e+06
5.424681000000000000e+06
5.663206000000000000e+06
6.917659000000000000e+06
6.835915000000000000e+06
3.511508000000000000e+06
7.055698000000000000e+06
4.902558000000000000e+06
3.945165000000000000e+06
5.283402000000000000e+06
7.995094000000000000e+06
2.250457000000000000e+06
1.584175000000000000e+06
2.834740000000000000e+06
3.273727000000000000e+06
7.776742000000000000e+06
5.486540000000000000e+06
4.348960000000000000e+05
1.183022000000000000e+06
5.743406000000000000e+06
5.932017000000000000e+06
1.067354000000000000e+06
2.731566000000000000e+06
9.529480000000000000e+05
2.023089000000000000e+06
8.771900000000000000e+04
6.147063000000000000e+06
5.484160000000000000e+05
4.746075000000000000e+06
7.560371000000000000e+06
6.093794000000000000e+06
7.891148000000000000e+06
1.835181000000000000e+06
1.085758000000000000e+06
1.549854000000000000e+06
6.959070000000000000e+06
5.648326000000000000e+06
7.351279000000000000e+06
7.435343000000000000e+06
9.557340000000000000e+05
4.247449000000000000e+06
3.095926000000000000e+06
1.066088000000000000e+06
4.806590000000000000e+05
5.623948000000000000e+06
3.823041000000000000e+06
5.855645000000000000e+06
7.914955000000000000e+06
4.253748000000000000e+06
1.538811000000000000e+06
2.241323000000000000e+06
6.928482000000000000e+06
4.081659000000000000e+06
7.552306000000000000e+06
2.590434000000000000e+06
6.235277000000000000e+06
4.614757000000000000e+06
6.482986000000000000e+06
4.831325000000000000e+06
4.443798000000000000e+06
2.004028000000000000e+06
1.545806000000000000e+06
7.699793000000000000e+06
4.768869000000000000e+06
1.076237000000000000e+06
4.475031000000000000e+06
1.841191000000000000e+06
2.206510000000000000e+06
3.958136000000000000e+06
3.744026000000000000e+06
1.070644000000000000e+06
3.081431000000000000e+06
4.581588000000000000e+06
2.911360000000000000e+06
3.954224000000000000e+06
1.533239000000000000e+06
1.294400000000000000e+05
7.646554000000000000e+06
6.192256000000000000e+06
1.571343000000000000e+06
7.612101000000000000e+06
1.858114000000000000e+06
2.690238000000000000e+06
3.514927000000000000e+06
5.081600000000000000e+04
2.533549000000000000e+06
2.439729000000000000e+06
6.944848000000000000e+06
5.864803000000000000e+06
4.659290000000000000e+06
6.320372000000000000e+06
6.595654000000000000e+06
2.029486000000000000e+06
6.228602000000000000e+06
1.614386000000000000e+06
9.723760000000000000e+05
6.965470000000000000e+05
5.525221000000000000e+06
6.391434000000000000e+06
3.255205000000000000e+06
1.680311000000000000e+06
3.370686000000000000e+06
5.358804000000000000e+06
7.029810000000000000e+05
1.478690000000000000e+05
5.964916000000000000e+06
3.981545000000000000e+06
3.186377000000000000e+06
2.034182000000000000e+06
1.254953000000000000e+06
5.286486000000000000e+06
3.960657000000000000e+06
5.677760000000000000e+06
1.928875000000000000e+06
4.526742000000000000e+06
5.998029000000000000e+06
7.302386000000000000e+06
4.775512000000000000e+06
3.691481000000000000e+06
5.645479000000000000e+06
7.930622000000000000e+06
2.712325000000000000e+06
7.388425000000000000e+06
5.507597000000000000e+06
5.628611000000000000e+06
2.619539000000000000e+06
2.891460000000000000e+06
7.810744000000000000e+06
1.525228000000000000e+06
2.461915000000000000e+06
5.310990000000000000e+05
1.642963000000000000e+06
2.849921000000000000e+06
1.152775000000000000e+06
1.854187000000000000e+06
4.745200000000000000e+06
3.857920000000000000e+06
3.496209000000000000e+06
2.749096000000000000e+06
4.502914000000000000e+06
7.163863000000000000e+06
5.901326000000000000e+06
7.756130000000000000e+06
1.204820000000000000e+06
1.827116000000000000e+06
1.883622000000000000e+06
7.273630000000000000e+06
7.255603000000000000e+06
6.345180000000000000e+06
5.059156000000000000e+06
3.326546000000000000e+06
2.860282000000000000e+06
1.475690000000000000e+06
3.298692000000000000e+06
4.753585000000000000e+06
2.728510000000000000e+06
1.186320000000000000e+06
2.086913000000000000e+06
3.973302000000000000e+06
7.136869000000000000e+06
3.674885000000000000e+06
1.220790000000000000e+05
7.584132000000000000e+06
6.482973000000000000e+06
1.789445000000000000e+06
3.948553000000000000e+06
2.821566000000000000e+06
1.841836000000000000e+06
1.463039000000000000e+06
1.624243000000000000e+06
8.401620000000000000e+05
7.893070000000000000e+06
5.138724000000000000e+06
2.902276000000000000e+06
5.017037000000000000e+06
6.812410000000000000e+05
5.769997000000000000e+06
5.787270000000000000e+05
5.985158000000000000e+06
7.390389000000000000e+06
5.362447000000000000e+06
4.200637000000000000e+06
4.780912000000000000e+06
1.327392000000000000e+06
5.671679000000000000e+06
6.162985000000000000e+06
2.414910000000000000e+06
4.069509000000000000e+06
5.178673000000000000e+06
3.915869000000000000e+06
5.430603000000000000e+06
4.200324000000000000e+06
2.875411000000000000e+06
7.199165000000000000e+06
6.741290000000000000e+05
2.509018000000000000e+06
1.699608000000000000e+06
2.997951000000000000e+06
2.658218000000000000e+06
4.517580000000000000e+06
7.858450000000000000e+05
2.994027000000000000e+06
6.114306000000000000e+06
7.386601000000000000e+06
5.279093000000000000e+06
4.579588000000000000e+06
7.526085000000000000e+06
2.334434000000000000e+06
3.480727000000000000e+06
3.846846000000000000e+06
1.289883000000000000e+06
2.585212000000000000e+06
4.056231000000000000e+06
5.764327000000000000e+06
5.157392000000000000e+06
7.097008000000000000e+06
7.635554000000000000e+06
6.351681000000000000e+06
3.372452000000000000e+06
7.535973000000000000e+06
2.991388000000000000e+06
3.922674000000000000e+06
5.432271000000000000e+06
1.720476000000000000e+06
1.909413000000000000e+06
4.850233000000000000e+06
6.765129000000000000e+06
7.705915000000000000e+06
5.760097000000000000e+06
9.806160000000000000e+05
9.686700000000000000e+04
4.330599000000000000e+06
6.809545000000000000e+06
4.553037000000000000e+06
5.637195000000000000e+06
5.872915000000000000e+06
6.847532000000000000e+06
1.711740000000000000e+06
5.447934000000000000e+06
1.732384000000000000e+06
1.264840000000000000e+05
6.055449000000000000e+06
6.972102000000000000e+06
3.809823000000000000e+06
1.670389000000000000e+06
2.635391000000000000e+06
5.847375000000000000e+06
3.945604000000000000e+06
7.541393000000000000e+06
7.584359000000000000e+06
7.443414000000000000e+06
4.831810000000000000e+05
7.102176000000000000e+06
6.534922000000000000e+06
7.895140000000000000e+06
6.367984000000000000e+06
2.068360000000000000e+06
4.625960000000000000e+05
2.165216000000000000e+06
1.887953000000000000e+06
3.121040000000000000e+05
3.579381000000000000e+06
6.861474000000000000e+06
7.980065000000000000e+06
3.715146000000000000e+06
5.671008000000000000e+06
5.997587000000000000e+06
5.809718000000000000e+06
5.969954000000000000e+06
2.794328000000000000e+06
5.179821000000000000e+06
3.928460000000000000e+05
7.749499000000000000e+06
3.114170000000000000e+05
3.117213000000000000e+06
7.266162000000000000e+06
4.602435000000000000e+06
6.280759000000000000e+06
2.642460000000000000e+05
1.656434000000000000e+06
7.960662000000000000e+06
7.310246000000000000e+06
3.716354000000000000e+06
5.845725000000000000e+06
5.542577000000000000e+06
7.854257000000000000e+06
3.915344000000000000e+06
7.152900000000000000e+05
4.540236000000000000e+06
7.202074000000000000e+06
7.831309000000000000e+06
1.730689000000000000e+06
3.805422000000000000e+06
5.099785000000000000e+06
4.626865000000000000e+06
3.722138000000000000e+06
1.967603000000000000e+06
1.656866000000000000e+06
2.855153000000000000e+06
1.235852000000000000e+06
5.205926000000000000e+06
3.951735000000000000e+06
1.819974000000000000e+06
7.298118000000000000e+06
4.158450000000000000e+06
5.993310000000000000e+05
7.433959000000000000e+06
3.035034000000000000e+06
2.347302000000000000e+06
7.638060000000000000e+05
4.333132000000000000e+06
2.753097000000000000e+06
4.637953000000000000e+06
5.064178000000000000e+06
4.977664000000000000e+06
2.034435000000000000e+06
1.279259000000000000e+06
7.232547000000000000e+06
1.998792000000000000e+06
2.115665000000000000e+06
6.974643000000000000e+06
1.684491000000000000e+06
1.653212000000000000e+06
6.051118000000000000e+06
7.351372000000000000e+06
9.277570000000000000e+05
9.609900000000000000e+04
6.500880000000000000e+05
1.159185000000000000e+06
1.138200000000000000e+05
2.660110000000000000e+06
6.411260000000000000e+06
3.734429000000000000e+06
6.966720000000000000e+06
5.128500000000000000e+04
4.599026000000000000e+06
3.873552000000000000e+06
7.974864000000000000e+06
5.429872000000000000e+06
6.393770000000000000e+05
6.127198000000000000e+06
8.763360000000000000e+05
4.981579000000000000e+06
5.984772000000000000e+06
6.993672000000000000e+06
4.001665000000000000e+06
7.189391000000000000e+06
7.821300000000000000e+06
6.603893000000000000e+06
3.431832000000000000e+06
2.063770000000000000e+06
3.965794000000000000e+06
5.505490000000000000e+06
3.149034000000000000e+06
4.009149000000000000e+06
4.392840000000000000e+05
8.786160000000000000e+05
1.681069000000000000e+06
6.245798000000000000e+06
7.240617000000000000e+06
7.525060000000000000e+05
5.479323000000000000e+06
5.361358000000000000e+06
3.368509000000000000e+06
3.545746000000000000e+06
4.884366000000000000e+06
3.509506000000000000e+06
4.210314000000000000e+06
1.248716000000000000e+06
5.209480000000000000e+06
2.689621000000000000e+06
3.420991000000000000e+06
4.504120000000000000e+05
1.374019000000000000e+06
3.174737000000000000e+06
4.159829000000000000e+06
7.491830000000000000e+06
2.370749000000000000e+06
5.604136000000000000e+06
2.937277000000000000e+06
7.564960000000000000e+05
5.018655000000000000e+06
5.844642000000000000e+06
7.634815000000000000e+06
7.176222000000000000e+06
1.250990000000000000e+05
1.499799000000000000e+06
3.170931000000000000e+06
1.554027000000000000e+06
3.269001000000000000e+06
7.613480000000000000e+06
3.519502000000000000e+06
1.757609000000000000e+06
6.919916000000000000e+06
3.549820000000000000e+05
5.976356000000000000e+06
5.015341000000000000e+06
5.342990000000000000e+06
3.101983000000000000e+06
3.391000000000000000e+06
3.718593000000000000e+06
7.285488000000000000e+06
2.400775000000000000e+06
2.633939000000000000e+06
4.794159000000000000e+06
3.701290000000000000e+05
1.899282000000000000e+06
2.420817000000000000e+06
6.249784000000000000e+06
6.295905000000000000e+06
3.276424000000000000e+06
2.842424000000000000e+06
7.070767000000000000e+06
3.827317000000000000e+06
7.277630000000000000e+05
1.478809000000000000e+06
1.007945000000000000e+06
5.645590000000000000e+05
2.700828000000000000e+06
2.388382000000000000e+06
5.689607000000000000e+06
7.307445000000000000e+06
6.178258000000000000e+06
6.266433000000000000e+06
3.466703000000000000e+06
6.235141000000000000e+06
7.533659000000000000e+06
3.678271000000000000e+06
4.684220000000000000e+05
1.994038000000000000e+06
5.698430000000000000e+05
8.856680000000000000e+05
1.565612000000000000e+06
2.782786000000000000e+06
5.922758000000000000e+06
1.139376000000000000e+06
1.444704000000000000e+06
6.891029000000000000e+06
6.256970000000000000e+05
7.343860000000000000e+05
3.002911000000000000e+06
7.449861000000000000e+06
6.946516000000000000e+06
7.371790000000000000e+06
2.401749000000000000e+06
4.364345000000000000e+06
1.496988000000000000e+06
2.766463000000000000e+06
2.988917000000000000e+06
6.925763000000000000e+06
2.015492000000000000e+06
2.862373000000000000e+06
4.428742000000000000e+06
3.841579000000000000e+06
1.710914000000000000e+06
9.928310000000000000e+05
1.437640000000000000e+05
7.358357000000000000e+06
5.710763000000000000e+06
5.316866000000000000e+06
7.878502000000000000e+06
6.234830000000000000e+05
5.603080000000000000e+06
4.822687000000000000e+06
3.071300000000000000e+05
6.594371000000000000e+06
7.823694000000000000e+06
4.736722000000000000e+06
2.063563000000000000e+06
3.315589000000000000e+06
1.016473000000000000e+06
3.816852000000000000e+06
6.430541000000000000e+06
1.152612000000000000e+06
2.373859000000000000e+06
2.454273000000000000e+06
2.052188000000000000e+06
7.897683000000000000e+06
2.186200000000000000e+06
5.432961000000000000e+06
1.011341000000000000e+06
5.942980000000000000e+05
4.575264000000000000e+06
7.800076000000000000e+06
4.875160000000000000e+05
2.877887000000000000e+06
1.705990000000000000e+05
2.190738000000000000e+06
8.558200000000000000e+05
2.354516000000000000e+06
7.230063000000000000e+06
1.150039000000000000e+06
1.096212000000000000e+06
2.150209000000000000e+06
2.652672000000000000e+06
2.658437000000000000e+06
9.952440000000000000e+05
3.287828000000000000e+06
1.749600000000000000e+06
3.241147000000000000e+06
7.234700000000000000e+06
4.168882000000000000e+06
3.956310000000000000e+05
7.429181000000000000e+06
2.609143000000000000e+06
5.659792000000000000e+06
7.004329000000000000e+06
4.924478000000000000e+06
7.632990000000000000e+06
7.419007000000000000e+06
1.243924000000000000e+06
2.351047000000000000e+06
5.404367000000000000e+06
5.470359000000000000e+06
1.408694000000000000e+06
5.901928000000000000e+06
3.487268000000000000e+06
3.741348000000000000e+06
2.725140000000000000e+05
5.073311000000000000e+06
1.066471000000000000e+06
7.187103000000000000e+06
6.252065000000000000e+06
7.846839000000000000e+06
4.472488000000000000e+06
1.595438000000000000e+06
7.748830000000000000e+05
6.734830000000000000e+06
4.218012000000000000e+06
4.931456000000000000e+06
5.049054000000000000e+06
6.810537000000000000e+06
1.879509000000000000e+06
4.613251000000000000e+06
7.510083000000000000e+06
7.870544000000000000e+06
3.278090000000000000e+06
2.415772000000000000e+06
4.567096000000000000e+06
3.657681000000000000e+06
2.514122000000000000e+06
7.978351000000000000e+06
7.496273000000000000e+06
7.311270000000000000e+06
5.985817000000000000e+06
1.886624000000000000e+06
3.854353000000000000e+06
1.946270000000000000e+06
7.876057000000000000e+06
2.776901000000000000e+06
7.853807000000000000e+06
2.124066000000000000e+06
4.957884000000000000e+06
3.539963000000000000e+06
5.756167000000000000e+06
4.576269000000000000e+06
5.885392000000000000e+06
6.864390000000000000e+06
7.392059000000000000e+06
7.726030000000000000e+05
3.349608000000000000e+06
5.725331000000000000e+06
6.507200000000000000e+04
7.990825000000000000e+06
2.762521000000000000e+06
2.725960000000000000e+05
2.837874000000000000e+06
5.382549000000000000e+06
2.626345000000000000e+06
5.895693000000000000e+06
3.761283000000000000e+06
5.817563000000000000e+06
7.295966000000000000e+06
2.055666000000000000e+06
5.409971000000000000e+06
1.991037000000000000e+06
7.594232000000000000e+06
7.510096000000000000e+06
3.684832000000000000e+06
7.268785000000000000e+06
7.958541000000000000e+06
2.338167000000000000e+06
4.757098000000000000e+06
4.950519000000000000e+06
1.281635000000000000e+06
7.283944000000000000e+06
3.942497000000000000e+06
9.238340000000000000e+05
7.522134000000000000e+06
6.258049000000000000e+06
4.964770000000000000e+06
7.873662000000000000e+06
1.976059000000000000e+06
7.576947000000000000e+06
1.815483000000000000e+06
4.413913000000000000e+06
4.679372000000000000e+06
5.067862000000000000e+06
6.034953000000000000e+06
5.562542000000000000e+06
1.791170000000000000e+05
9.271380000000000000e+05
7.514963000000000000e+06
5.508330000000000000e+05
4.482661000000000000e+06
3.804086000000000000e+06
6.749684000000000000e+06
2.548439000000000000e+06
1.859974000000000000e+06
7.382569000000000000e+06
2.068074000000000000e+06
9.830350000000000000e+05
4.973811000000000000e+06
3.344025000000000000e+06
5.389751000000000000e+06
7.586389000000000000e+06
7.516928000000000000e+06
1.679795000000000000e+06
2.042113000000000000e+06
6.794261000000000000e+06
4.701731000000000000e+06
3.444262000000000000e+06
6.481952000000000000e+06
4.443030000000000000e+06
2.518740000000000000e+06
6.525993000000000000e+06
7.345604000000000000e+06
1.612396000000000000e+06
2.267773000000000000e+06
5.391363000000000000e+06
9.801110000000000000e+05
6.515800000000000000e+04
3.737538000000000000e+06
7.490521000000000000e+06
1.539009000000000000e+06
3.187297000000000000e+06
6.508727000000000000e+06
7.071733000000000000e+06
5.545884000000000000e+06
6.622712000000000000e+06
3.180646000000000000e+06
1.806699000000000000e+06
2.492903000000000000e+06
1.458203000000000000e+06
1.927505000000000000e+06
3.733184000000000000e+06
6.530822000000000000e+06
1.198160000000000000e+06
1.817005000000000000e+06
6.280999000000000000e+06
6.369150000000000000e+06
2.240988000000000000e+06
3.606619000000000000e+06
6.767599000000000000e+06
1.966367000000000000e+06
3.490826000000000000e+06
4.083360000000000000e+06
2.672915000000000000e+06
5.485785000000000000e+06
7.544377000000000000e+06
6.627945000000000000e+06
8.676310000000000000e+05
2.641241000000000000e+06
4.852819000000000000e+06
5.612477000000000000e+06
2.394715000000000000e+06
5.775965000000000000e+06
1.607811000000000000e+06
1.697181000000000000e+06
4.557414000000000000e+06
5.142814000000000000e+06
2.106305000000000000e+06
1.601232000000000000e+06
6.057125000000000000e+06
5.682520000000000000e+05
1.385369000000000000e+06
3.293499000000000000e+06
5.770741000000000000e+06
6.695460000000000000e+05
5.582987000000000000e+06
1.502499000000000000e+06
2.994856000000000000e+06
9.591840000000000000e+05
2.176523000000000000e+06
7.218446000000000000e+06
3.699924000000000000e+06
7.141867000000000000e+06
7.261532000000000000e+06
4.076626000000000000e+06
4.633485000000000000e+06
5.031277000000000000e+06
4.343057000000000000e+06
7.676914000000000000e+06
4.292383000000000000e+06
7.569378000000000000e+06
2.894832000000000000e+06
1.294571000000000000e+06
6.241925000000000000e+06
1.162237000000000000e+06
6.403440000000000000e+06
6.939721000000000000e+06
4.678053000000000000e+06
2.009377000000000000e+06
7.623546000000000000e+06
1.879190000000000000e+06
4.133896000000000000e+06
4.871900000000000000e+06
5.932600000000000000e+04
7.621400000000000000e+04
3.544959000000000000e+06
3.177431000000000000e+06
4.024849000000000000e+06
1.119186000000000000e+06
3.217854000000000000e+06
1.196771000000000000e+06
6.858197000000000000e+06
7.131118000000000000e+06
2.908855000000000000e+06
2.404191000000000000e+06
2.433992000000000000e+06
4.231799000000000000e+06
6.801565000000000000e+06
6.887899000000000000e+06
5.212044000000000000e+06
6.726315000000000000e+06
3.532814000000000000e+06
6.072240000000000000e+06
5.764989000000000000e+06
5.616562000000000000e+06
4.056215000000000000e+06
5.271750000000000000e+05
5.015197000000000000e+06
3.149729000000000000e+06
3.006481000000000000e+06
4.648548000000000000e+06
5.701606000000000000e+06
4.075127000000000000e+06
6.311314000000000000e+06
5.113199000000000000e+06
4.132270000000000000e+05
8.156470000000000000e+05
5.429748000000000000e+06
3.348175000000000000e+06
2.432718000000000000e+06
4.533959000000000000e+06
1.893099000000000000e+06
1.845305000000000000e+06
7.701658000000000000e+06
2.529305000000000000e+06
4.741439000000000000e+06
7.786938000000000000e+06
1.896097000000000000e+06
4.074586000000000000e+06
2.429251000000000000e+06
1.730277000000000000e+06
2.212802000000000000e+06
7.590533000000000000e+06
3.054642000000000000e+06
2.080129000000000000e+06
4.171812000000000000e+06
7.778887000000000000e+06
6.397946000000000000e+06
6.665464000000000000e+06
1.233464000000000000e+06
5.080739000000000000e+06
6.034483000000000000e+06
7.842597000000000000e+06
1.504601000000000000e+06
3.907633000000000000e+06
6.834562000000000000e+06
3.418861000000000000e+06
4.453560000000000000e+06
1.507384000000000000e+06
6.910758000000000000e+06
1.586522000000000000e+06
5.013535000000000000e+06
1.714885000000000000e+06
5.253655000000000000e+06
4.422313000000000000e+06
2.029865000000000000e+06
6.958222000000000000e+06
4.335487000000000000e+06
1.005370000000000000e+05
9.938780000000000000e+05
6.421522000000000000e+06
6.175753000000000000e+06
7.173758000000000000e+06
3.549963000000000000e+06
4.367335000000000000e+06
7.093366000000000000e+06
7.704412000000000000e+06
4.289155000000000000e+06
3.310835000000000000e+06
6.450345000000000000e+06
5.282329000000000000e+06
2.335220000000000000e+06
2.292059000000000000e+06
7.901319000000000000e+06
6.877145000000000000e+06
5.619487000000000000e+06
4.923509000000000000e+06
1.209367000000000000e+06
7.018386000000000000e+06
5.711007000000000000e+06
6.623382000000000000e+06
6.547663000000000000e+06
5.662582000000000000e+06
4.688860000000000000e+06
6.961302000000000000e+06
6.808652000000000000e+06
3.892942000000000000e+06
8.320500000000000000e+05
6.799703000000000000e+06
6.818328000000000000e+06
2.008846000000000000e+06
1.896122000000000000e+06
4.215439000000000000e+06
6.969919000000000000e+06
2.352704000000000000e+06
7.376970000000000000e+06
5.248334000000000000e+06
7.200449000000000000e+06
4.552179000000000000e+06
6.241936000000000000e+06
5.391521000000000000e+06
2.188172000000000000e+06
1.125422000000000000e+06
1.583610000000000000e+06
5.019101000000000000e+06
7.755407000000000000e+06
7.953998000000000000e+06
7.514894000000000000e+06
2.904660000000000000e+05
3.022293000000000000e+06
2.230351000000000000e+06
3.774944000000000000e+06
1.396668000000000000e+06
2.260623000000000000e+06
2.256730000000000000e+06
7.450577000000000000e+06
6.324217000000000000e+06
3.987948000000000000e+06
2.163495000000000000e+06
1.805888000000000000e+06
7.210497000000000000e+06
5.599949000000000000e+06
2.911140000000000000e+06
7.059500000000000000e+06
1.550240000000000000e+05
9.218310000000000000e+05
2.917165000000000000e+06
2.743187000000000000e+06
2.319616000000000000e+06
2.091271000000000000e+06
2.127987000000000000e+06
5.775650000000000000e+05
1.133809000000000000e+06
3.521450000000000000e+06
7.008942000000000000e+06
4.388036000000000000e+06
7.221283000000000000e+06
6.193206000000000000e+06
5.611863000000000000e+06
4.240650000000000000e+06
2.642173000000000000e+06
3.436487000000000000e+06
6.790346000000000000e+06
4.318505000000000000e+06
6.260055000000000000e+06
4.185778000000000000e+06
4.499700000000000000e+06
1.359991000000000000e+06
7.262767000000000000e+06
6.172100000000000000e+06
2.504756000000000000e+06
2.122975000000000000e+06
3.233237000000000000e+06
1.071194000000000000e+06
2.514975000000000000e+06
4.969830000000000000e+05
1.299582000000000000e+06
7.009080000000000000e+06
7.010075000000000000e+06
3.563320000000000000e+06
6.260002000000000000e+06
7.633009000000000000e+06
7.796160000000000000e+06
5.274131000000000000e+06
3.364419000000000000e+06
6.415740000000000000e+06
5.664878000000000000e+06
3.649268000000000000e+06
2.992564000000000000e+06
7.934125000000000000e+06
4.187280000000000000e+05
7.944535000000000000e+06
3.504581000000000000e+06
3.992501000000000000e+06
3.552650000000000000e+05
5.889048000000000000e+06
3.572569000000000000e+06
2.669494000000000000e+06
5.456089000000000000e+06
2.390730000000000000e+05
2.925636000000000000e+06
5.804171000000000000e+06
5.746888000000000000e+06
2.479921000000000000e+06
2.456997000000000000e+06
7.625727000000000000e+06
1.999835000000000000e+06
2.155088000000000000e+06
1.168812000000000000e+06
8.153390000000000000e+05
4.352583000000000000e+06
2.692789000000000000e+06
3.417430000000000000e+05
4.857663000000000000e+06
3.908556000000000000e+06
2.450098000000000000e+06
6.220032000000000000e+06
4.232413000000000000e+06
5.121122000000000000e+06
3.386393000000000000e+06
4.946149000000000000e+06
5.831479000000000000e+06
3.606151000000000000e+06
5.847004000000000000e+06
2.340671000000000000e+06
1.028958000000000000e+06
1.348591000000000000e+06
5.700678000000000000e+06
7.364339000000000000e+06
6.990165000000000000e+06
7.642860000000000000e+06
7.758977000000000000e+06
4.167133000000000000e+06
9.959100000000000000e+04
4.455806000000000000e+06
2.025072000000000000e+06
1.980113000000000000e+06
7.162035000000000000e+06
7.638160000000000000e+06
2.697713000000000000e+06
5.539275000000000000e+06
9.545150000000000000e+05
4.932547000000000000e+06
1.898275000000000000e+06
4.128283000000000000e+06
6.224111000000000000e+06
1.475810000000000000e+06
1.162476000000000000e+06
1.245210000000000000e+06
8.716920000000000000e+05
4.975751000000000000e+06
7.423276000000000000e+06
2.683338000000000000e+06
3.811453000000000000e+06
5.885645000000000000e+06
2.642234000000000000e+06
2.368944000000000000e+06
3.721462000000000000e+06
7.071772000000000000e+06
1.872039000000000000e+06
1.395656000000000000e+06
7.529335000000000000e+06
7.238893000000000000e+06
3.779303000000000000e+06
2.318751000000000000e+06
6.810190000000000000e+05
2.644849000000000000e+06
3.663384000000000000e+06
4.177216000000000000e+06
1.111020000000000000e+05
3.470612000000000000e+06
7.124235000000000000e+06
5.678443000000000000e+06
4.896648000000000000e+06
4.325090000000000000e+05
4.886192000000000000e+06
7.366170000000000000e+06
3.052497000000000000e+06
2.207612000000000000e+06
2.400611000000000000e+06
1.081770000000000000e+05
7.777500000000000000e+05
1.599092000000000000e+06
4.813662000000000000e+06
5.355657000000000000e+06
7.587604000000000000e+06
2.038937000000000000e+06
5.946423000000000000e+06
4.563130000000000000e+06
5.585587000000000000e+06
3.473789000000000000e+06
4.571387000000000000e+06
7.883082000000000000e+06
6.256079000000000000e+06
1.694403000000000000e+06
7.526238000000000000e+06
6.315581000000000000e+06
7.207993000000000000e+06
6.840593000000000000e+06
6.933690000000000000e+05
4.009480000000000000e+05
4.701408000000000000e+06
5.801093000000000000e+06
5.725904000000000000e+06
2.935601000000000000e+06
5.806989000000000000e+06
4.518416000000000000e+06
4.736651000000000000e+06
7.484174000000000000e+06
3.509300000000000000e+06
3.854989000000000000e+06
5.866411000000000000e+06
3.904495000000000000e+06
5.521328000000000000e+06
5.844182000000000000e+06
7.492012000000000000e+06
6.363004000000000000e+06
5.479469000000000000e+06
5.408749000000000000e+06
4.862786000000000000e+06
3.239020000000000000e+06
8.002780000000000000e+05
7.884051000000000000e+06
2.311821000000000000e+06
2.763842000000000000e+06
1.977079000000000000e+06
4.588889000000000000e+06
1.454405000000000000e+06
1.270549000000000000e+06
2.747144000000000000e+06
1.678755000000000000e+06
5.937470000000000000e+06
7.358579000000000000e+06
7.503135000000000000e+06
5.583358000000000000e+06
6.133339000000000000e+06
6.514324000000000000e+06
3.088930000000000000e+05
3.276242000000000000e+06
6.395341000000000000e+06
6.927109000000000000e+06
3.832097000000000000e+06
5.651980000000000000e+05
2.906268000000000000e+06
3.596167000000000000e+06
3.008258000000000000e+06
6.058298000000000000e+06
6.157405000000000000e+06
6.960160000000000000e+06
3.376020000000000000e+05
7.351389000000000000e+06
3.365834000000000000e+06
2.289920000000000000e+05
5.826683000000000000e+06
4.438137000000000000e+06
5.312016000000000000e+06
2.934878000000000000e+06
3.827776000000000000e+06
5.117004000000000000e+06
5.836800000000000000e+06
2.749428000000000000e+06
2.857230000000000000e+06
5.532666000000000000e+06
2.753572000000000000e+06
2.044490000000000000e+06
6.179406000000000000e+06
2.052441000000000000e+06
5.252266000000000000e+06
6.286836000000000000e+06
5.270413000000000000e+06
7.194347000000000000e+06
2.198513000000000000e+06
3.835990000000000000e+05
1.931109000000000000e+06
2.195912000000000000e+06
3.948721000000000000e+06
1.443857000000000000e+06
1.462595000000000000e+06
3.301060000000000000e+06
3.449674000000000000e+06
5.145884000000000000e+06
5.585531000000000000e+06
2.739901000000000000e+06
5.431120000000000000e+06
7.516080000000000000e+05
7.674410000000000000e+06
3.378900000000000000e+06
7.351482000000000000e+06
1.081226000000000000e+06
5.261295000000000000e+06
7.053450000000000000e+05
3.831658000000000000e+06
6.934058000000000000e+06
7.480006000000000000e+06
1.351337000000000000e+06
1.742250000000000000e+06
6.539984000000000000e+06
3.791704000000000000e+06
2.571629000000000000e+06
6.574861000000000000e+06
5.742594000000000000e+06
7.264294000000000000e+06
7.485229000000000000e+06
6.270367000000000000e+06
5.076006000000000000e+06
2.962860000000000000e+06
7.909581000000000000e+06
6.273575000000000000e+06
1.885591000000000000e+06
2.612108000000000000e+06
9.691900000000000000e+04
6.991792000000000000e+06
5.106444000000000000e+06
2.177188000000000000e+06
2.092029000000000000e+06
6.617017000000000000e+06
3.453412000000000000e+06
3.232939000000000000e+06
4.583765000000000000e+06
5.721140000000000000e+06
4.251320000000000000e+05
6.942527000000000000e+06
1.752964000000000000e+06
3.383612000000000000e+06
1.053477000000000000e+06
2.658541000000000000e+06
7.101871000000000000e+06
7.634621000000000000e+06
5.991992000000000000e+06
4.983068000000000000e+06
6.341959000000000000e+06
7.672473000000000000e+06
7.268357000000000000e+06
1.533708000000000000e+06
2.365549000000000000e+06
2.904389000000000000e+06
3.253632000000000000e+06
1.593100000000000000e+05
2.591114000000000000e+06
6.234978000000000000e+06
1.116711000000000000e+06
7.284246000000000000e+06
7.374086000000000000e+06
7.184308000000000000e+06
1.672664000000000000e+06
7.014550000000000000e+05
7.843683000000000000e+06
3.788707000000000000e+06
4.082857000000000000e+06
1.849957000000000000e+06
4.546888000000000000e+06
7.752794000000000000e+06
6.803504000000000000e+06
7.736100000000000000e+05
6.296240000000000000e+06
6.371021000000000000e+06
5.559440000000000000e+05
8.871000000000000000e+05
4.634625000000000000e+06
5.111647000000000000e+06
3.015646000000000000e+06
9.940300000000000000e+05
3.919703000000000000e+06
3.181860000000000000e+06
2.339208000000000000e+06
4.787608000000000000e+06
2.378207000000000000e+06
1.510728000000000000e+06
1.850027000000000000e+06
6.069058000000000000e+06
4.335826000000000000e+06
7.581046000000000000e+06
5.068241000000000000e+06
4.160379000000000000e+06
7.491920000000000000e+06
5.171101000000000000e+06
2.161454000000000000e+06
3.139960000000000000e+06
5.251864000000000000e+06
8.767830000000000000e+05
1.777685000000000000e+06
4.019000000000000000e+04
1.926897000000000000e+06
4.907315000000000000e+06
2.233810000000000000e+06
2.144933000000000000e+06
4.590072000000000000e+06
3.302951000000000000e+06
5.248616000000000000e+06
6.109191000000000000e+06
6.862174000000000000e+06
7.258877000000000000e+06
7.433440000000000000e+06
5.587199000000000000e+06
1.968872000000000000e+06
2.422977000000000000e+06
1.195392000000000000e+06
1.670284000000000000e+06
2.087300000000000000e+06
2.655632000000000000e+06
4.175386000000000000e+06
1.024002000000000000e+06
3.400415000000000000e+06
3.543404000000000000e+06
6.197657000000000000e+06
1.143921000000000000e+06
6.094504000000000000e+06
4.071415000000000000e+06
3.710744000000000000e+06
6.583410000000000000e+05
3.625801000000000000e+06
7.436600000000000000e+04
9.613810000000000000e+05
1.164663000000000000e+06
3.046914000000000000e+06
6.679871000000000000e+06
7.750833000000000000e+06
5.588650000000000000e+06
6.764778000000000000e+06
1.251210000000000000e+06
3.952330000000000000e+05
8.044270000000000000e+05
1.859689000000000000e+06
3.363787000000000000e+06
2.702575000000000000e+06
3.261903000000000000e+06
5.893933000000000000e+06
4.263433000000000000e+06
2.443591000000000000e+06
2.906013000000000000e+06
1.813150000000000000e+06
3.876974000000000000e+06
4.362487000000000000e+06
2.471450000000000000e+06
3.462657000000000000e+06
7.900204000000000000e+06
7.873051000000000000e+06
7.365705000000000000e+06
9.989690000000000000e+05
2.997695000000000000e+06
4.046669000000000000e+06
5.720299000000000000e+06
1.489676000000000000e+06
1.501850000000000000e+06
2.520730000000000000e+05
1.028560000000000000e+05
3.187940000000000000e+05
4.780979000000000000e+06
6.236307000000000000e+06
4.365205000000000000e+06
4.026486000000000000e+06
4.296524000000000000e+06
1.035341000000000000e+06
5.650309000000000000e+06
6.483591000000000000e+06
3.021083000000000000e+06
1.140878000000000000e+06
1.219081000000000000e+06
1.997499000000000000e+06
5.620527000000000000e+06
5.114723000000000000e+06
7.716050000000000000e+05
1.859882000000000000e+06
3.274050000000000000e+05
3.449776000000000000e+06
4.246963000000000000e+06
7.250420000000000000e+05
5.681253000000000000e+06
5.585497000000000000e+06
5.080847000000000000e+06
4.219053000000000000e+06
2.830341000000000000e+06
2.037670000000000000e+06
7.977772000000000000e+06
4.889241000000000000e+06
7.869050000000000000e+06
1.247464000000000000e+06
4.726947000000000000e+06
3.283505000000000000e+06
4.012357000000000000e+06
5.918864000000000000e+06
4.076615000000000000e+06
2.145841000000000000e+06
7.849893000000000000e+06
4.035798000000000000e+06
7.835726000000000000e+06
3.802770000000000000e+05
1.695434000000000000e+06
3.453817000000000000e+06
1.644832000000000000e+06
7.313377000000000000e+06
6.981271000000000000e+06
5.776074000000000000e+06
7.764494000000000000e+06
1.983412000000000000e+06
1.505762000000000000e+06
1.783511000000000000e+06
8.361040000000000000e+05
6.584947000000000000e+06
6.585468000000000000e+06
4.511110000000000000e+05
6.209030000000000000e+05
2.445186000000000000e+06
2.111578000000000000e+06
7.378092000000000000e+06
5.730515000000000000e+06
3.545589000000000000e+06
4.579186000000000000e+06
7.826144000000000000e+06
4.858117000000000000e+06
5.200435000000000000e+06
4.767034000000000000e+06
6.475540000000000000e+05
6.641474000000000000e+06
4.187145000000000000e+06
2.970247000000000000e+06
3.888838000000000000e+06
5.851169000000000000e+06
5.640906000000000000e+06
2.041965000000000000e+06
7.788215000000000000e+06
2.350351000000000000e+06
6.510897000000000000e+06
2.440266000000000000e+06
7.654272000000000000e+06
1.647379000000000000e+06
2.534005000000000000e+06
2.106947000000000000e+06
3.810631000000000000e+06
9.476140000000000000e+05
7.901621000000000000e+06
2.503731000000000000e+06
4.940626000000000000e+06
2.457122000000000000e+06
4.672017000000000000e+06
2.126136000000000000e+06
2.579876000000000000e+06
5.509737000000000000e+06
5.059666000000000000e+06
3.199452000000000000e+06
9.470020000000000000e+05
1.517396000000000000e+06
1.334219000000000000e+06
1.417056000000000000e+06
5.211342000000000000e+06
6.195773000000000000e+06
6.409031000000000000e+06
3.885406000000000000e+06
6.083633000000000000e+06
5.738885000000000000e+06
5.058789000000000000e+06
3.622591000000000000e+06
3.421870000000000000e+05
4.594717000000000000e+06
5.157664000000000000e+06
3.607394000000000000e+06
4.539600000000000000e+04
2.011759000000000000e+06
2.209825000000000000e+06
6.494004000000000000e+06
6.335580000000000000e+06
5.694150000000000000e+05
5.658780000000000000e+06
1.631506000000000000e+06
5.719993000000000000e+06
2.496875000000000000e+06
3.463451000000000000e+06
4.747844000000000000e+06
6.713852000000000000e+06
1.137711000000000000e+06
7.010912000000000000e+06
5.940361000000000000e+06
5.322373000000000000e+06
6.800171000000000000e+06
6.955110000000000000e+05
4.468390000000000000e+06
6.416663000000000000e+06
2.570908000000000000e+06
6.602501000000000000e+06
4.390180000000000000e+06
4.525522000000000000e+06
6.841340000000000000e+05
5.109036000000000000e+06
3.564043000000000000e+06
8.186500000000000000e+05
7.982364000000000000e+06
7.479215000000000000e+06
7.535219000000000000e+06
5.681310000000000000e+06
1.664532000000000000e+06
1.229588000000000000e+06
4.340144000000000000e+06
3.522732000000000000e+06
5.076134000000000000e+06
2.112056000000000000e+06
3.198828000000000000e+06
1.069822000000000000e+06
7.663422000000000000e+06
3.739562000000000000e+06
3.609297000000000000e+06
2.959223000000000000e+06
2.645086000000000000e+06
7.392289000000000000e+06
7.893209000000000000e+06
4.574868000000000000e+06
7.217854000000000000e+06
1.217426000000000000e+06
7.938750000000000000e+06
5.265464000000000000e+06
7.439482000000000000e+06
6.996606000000000000e+06
9.585730000000000000e+05
4.503112000000000000e+06
1.579292000000000000e+06
7.137252000000000000e+06
1.707090000000000000e+06
3.978413000000000000e+06
2.086100000000000000e+06
6.260370000000000000e+05
7.410786000000000000e+06
6.281794000000000000e+06
1.712508000000000000e+06
4.867013000000000000e+06
5.662796000000000000e+06
4.129116000000000000e+06
1.035090000000000000e+06
7.500580000000000000e+05
3.314089000000000000e+06
6.443324000000000000e+06
1.553926000000000000e+06
4.238407000000000000e+06
7.550220000000000000e+06
4.725441000000000000e+06
1.084125000000000000e+06
3.758790000000000000e+06
2.563448000000000000e+06
3.158576000000000000e+06
2.332818000000000000e+06
5.140340000000000000e+05
4.269156000000000000e+06
6.330467000000000000e+06
3.894033000000000000e+06
3.063125000000000000e+06
1.785309000000000000e+06
6.078810000000000000e+06
1.539461000000000000e+06
3.894321000000000000e+06
4.515213000000000000e+06
6.009894000000000000e+06
6.274760000000000000e+05
2.845373000000000000e+06
2.061556000000000000e+06
2.133175000000000000e+06
5.971165000000000000e+06
5.272641000000000000e+06
1.472599000000000000e+06
1.891490000000000000e+05
3.500720000000000000e+05
7.508333000000000000e+06
4.855244000000000000e+06
3.006543000000000000e+06
4.443516000000000000e+06
5.362143000000000000e+06
3.036306000000000000e+06
1.306305000000000000e+06
6.591713000000000000e+06
2.341575000000000000e+06
3.361740000000000000e+05
5.784911000000000000e+06
5.980324000000000000e+06
2.242982000000000000e+06
6.462825000000000000e+06
4.493135000000000000e+06
5.443234000000000000e+06
2.657254000000000000e+06
6.669046000000000000e+06
6.489536000000000000e+06
1.377990000000000000e+05
5.601746000000000000e+06
6.785124000000000000e+06
6.979001000000000000e+06
1.360606000000000000e+06
5.016271000000000000e+06
3.601216000000000000e+06
5.636000000000000000e+05
4.106649000000000000e+06
3.355701000000000000e+06
5.542103000000000000e+06
5.727626000000000000e+06
2.476340000000000000e+05
5.447049000000000000e+06
5.307387000000000000e+06
3.582591000000000000e+06
3.108056000000000000e+06
6.924512000000000000e+06
4.219311000000000000e+06
6.868829000000000000e+06
1.769756000000000000e+06
3.143415000000000000e+06
6.247190000000000000e+05
5.025947000000000000e+06
7.293236000000000000e+06
6.502377000000000000e+06
2.724468000000000000e+06
3.041791000000000000e+06
7.418257000000000000e+06
6.879421000000000000e+06
3.383750000000000000e+05
4.057068000000000000e+06
2.969037000000000000e+06
1.902570000000000000e+05
1.165490000000000000e+06
1.321003000000000000e+06
7.023773000000000000e+06
5.417170000000000000e+05
2.657638000000000000e+06
2.049994000000000000e+06
2.606060000000000000e+06
6.674108000000000000e+06
7.361455000000000000e+06
4.930530000000000000e+05
2.491920000000000000e+06
9.604500000000000000e+04
7.527869000000000000e+06
6.085889000000000000e+06
7.680845000000000000e+06
5.464394000000000000e+06
3.322695000000000000e+06
4.705060000000000000e+06
6.578345000000000000e+06
4.813910000000000000e+06
1.160902000000000000e+06
5.244100000000000000e+06
7.835673000000000000e+06
7.667152000000000000e+06
3.284297000000000000e+06
5.100026000000000000e+06
2.298860000000000000e+06
4.741095000000000000e+06
7.576943000000000000e+06
4.786400000000000000e+06
1.888341000000000000e+06
2.474461000000000000e+06
8.649880000000000000e+05
1.988718000000000000e+06
1.837167000000000000e+06
3.021923000000000000e+06
5.849528000000000000e+06
2.298396000000000000e+06
1.815754000000000000e+06
5.910945000000000000e+06
1.026138000000000000e+06
6.401291000000000000e+06
6.111370000000000000e+05
7.536393000000000000e+06
1.734269000000000000e+06
2.290373000000000000e+06
5.938347000000000000e+06
1.894246000000000000e+06
5.860193000000000000e+06
5.515501000000000000e+06
4.773382000000000000e+06
6.682977000000000000e+06
5.733447000000000000e+06
4.136071000000000000e+06
6.256839000000000000e+06
3.849279000000000000e+06
1.861090000000000000e+05
3.893790000000000000e+05
3.764221000000000000e+06
3.585862000000000000e+06
9.892800000000000000e+05
6.441888000000000000e+06
6.616550000000000000e+06
6.584247000000000000e+06
6.821361000000000000e+06
1.814303000000000000e+06
1.936557000000000000e+06
3.136343000000000000e+06
4.468300000000000000e+04
3.835000000000000000e+05
2.082942000000000000e+06
1.352852000000000000e+06
3.639785000000000000e+06
1.113622000000000000e+06
7.577980000000000000e+06
6.421533000000000000e+06
7.518632000000000000e+06
4.102801000000000000e+06
3.852645000000000000e+06
7.915455000000000000e+06
7.614338000000000000e+06
7.948446000000000000e+06
4.926917000000000000e+06
4.282281000000000000e+06
6.032201000000000000e+06
1.828580000000000000e+05
6.869340000000000000e+06
2.544130000000000000e+05
7.183500000000000000e+05
1.620699000000000000e+06
1.725579000000000000e+06
6.508000000000000000e+04
7.883194000000000000e+06
2.288462000000000000e+06
1.549813000000000000e+06
1.862925000000000000e+06
4.126411000000000000e+06
7.691034000000000000e+06
7.644444000000000000e+06
6.726104000000000000e+06
2.667371000000000000e+06
7.817394000000000000e+06
5.014109000000000000e+06
5.574748000000000000e+06
5.665046000000000000e+06
6.673209000000000000e+06
1.594673000000000000e+06
6.141708000000000000e+06
4.110136000000000000e+06
6.841673000000000000e+06
3.511448000000000000e+06
2.252254000000000000e+06
7.414890000000000000e+06
3.675307000000000000e+06
7.691638000000000000e+06
5.838438000000000000e+06
6.616599000000000000e+06
1.096713000000000000e+06
3.004519000000000000e+06
5.213002000000000000e+06
6.838833000000000000e+06
2.404479000000000000e+06
2.361980000000000000e+06
5.078500000000000000e+06
2.260608000000000000e+06
3.046438000000000000e+06
7.860465000000000000e+06
3.649113000000000000e+06
1.954885000000000000e+06
2.173823000000000000e+06
7.491330000000000000e+05
5.379193000000000000e+06
5.463156000000000000e+06
1.952835000000000000e+06
3.058631000000000000e+06
1.346315000000000000e+06
3.159812000000000000e+06
4.804281000000000000e+06
1.342596000000000000e+06
5.147782000000000000e+06
7.127351000000000000e+06
5.547020000000000000e+05
3.354910000000000000e+05
5.809323000000000000e+06
1.400456000000000000e+06
1.337055000000000000e+06
7.314468000000000000e+06
2.197109000000000000e+06
2.027806000000000000e+06
4.461138000000000000e+06
3.246700000000000000e+06
4.752019000000000000e+06
6.917262000000000000e+06
4.811705000000000000e+06
1.221521000000000000e+06
4.084195000000000000e+06
2.872163000000000000e+06
4.920891000000000000e+06
5.729959000000000000e+06
5.981281000000000000e+06
5.604673000000000000e+06
3.884500000000000000e+04
1.869970000000000000e+05
3.630066000000000000e+06
7.743980000000000000e+05
4.179325000000000000e+06
4.701660000000000000e+05
7.212434000000000000e+06
4.336429000000000000e+06
1.042332000000000000e+06
3.289773000000000000e+06
5.498605000000000000e+06
7.416265000000000000e+06
1.400743000000000000e+06
2.886047000000000000e+06
6.842916000000000000e+06
3.639742000000000000e+06
4.956552000000000000e+06
6.520051000000000000e+06
2.635748000000000000e+06
6.864789000000000000e+06
3.148734000000000000e+06
2.155137000000000000e+06
6.917420000000000000e+05
6.924362000000000000e+06
1.819659000000000000e+06
1.424329000000000000e+06
4.808835000000000000e+06
7.349316000000000000e+06
4.002592000000000000e+06
8.683130000000000000e+05
3.538075000000000000e+06
3.815710000000000000e+05
7.391250000000000000e+05
3.235327000000000000e+06
6.421682000000000000e+06
6.779983000000000000e+06
5.317329000000000000e+06
7.338945000000000000e+06
6.698963000000000000e+06
2.982627000000000000e+06
7.740615000000000000e+06
3.599286000000000000e+06
3.399811000000000000e+06
1.740107000000000000e+06
4.361343000000000000e+06
2.909659000000000000e+06
5.410669000000000000e+06
6.011984000000000000e+06
5.440405000000000000e+06
2.425794000000000000e+06
2.025327000000000000e+06
4.974114000000000000e+06
5.441437000000000000e+06
2.200532000000000000e+06
4.680602000000000000e+06
7.833380000000000000e+06
6.445819000000000000e+06
2.062229000000000000e+06
6.374795000000000000e+06
3.117994000000000000e+06
2.842884000000000000e+06
6.255268000000000000e+06
5.952863000000000000e+06
5.030896000000000000e+06
2.400140000000000000e+05
4.940368000000000000e+06
3.952310000000000000e+05
5.872194000000000000e+06
8.072240000000000000e+05
7.240424000000000000e+06
6.232501000000000000e+06
9.957270000000000000e+05
5.352848000000000000e+06
6.810021000000000000e+06
5.253692000000000000e+06
2.262510000000000000e+05
3.476476000000000000e+06
4.439932000000000000e+06
3.326235000000000000e+06
4.965140000000000000e+05
1.257170000000000000e+05
8.147890000000000000e+05
4.776270000000000000e+06
1.089585000000000000e+06
4.640391000000000000e+06
4.724061000000000000e+06
2.522193000000000000e+06
6.807934000000000000e+06
7.835071000000000000e+06
8.967590000000000000e+05
2.448849000000000000e+06
5.006571000000000000e+06
4.898684000000000000e+06
4.688863000000000000e+06
7.793961000000000000e+06
7.314050000000000000e+06
6.665297000000000000e+06
2.081838000000000000e+06
6.059841000000000000e+06
7.318729000000000000e+06
2.392809000000000000e+06
4.697585000000000000e+06
3.049031000000000000e+06
1.650679000000000000e+06
1.472517000000000000e+06
6.913414000000000000e+06
7.022486000000000000e+06
4.102355000000000000e+06
5.008983000000000000e+06
1.216607000000000000e+06
4.595511000000000000e+06
7.107655000000000000e+06
4.562504000000000000e+06
3.525161000000000000e+06
7.656842000000000000e+06
2.199292000000000000e+06
6.278928000000000000e+06
4.585259000000000000e+06
7.205185000000000000e+06
3.672326000000000000e+06
4.368107000000000000e+06
3.839600000000000000e+05
5.842985000000000000e+06
6.671403000000000000e+06
1.153481000000000000e+06
1.385854000000000000e+06
5.925218000000000000e+06
4.921341000000000000e+06
2.900086000000000000e+06
3.729628000000000000e+06
5.300966000000000000e+06
8.963140000000000000e+05
7.257690000000000000e+05
4.008395000000000000e+06
1.749420000000000000e+05
7.690931000000000000e+06
6.486940000000000000e+05
5.116684000000000000e+06
3.427227000000000000e+06
5.675604000000000000e+06
2.772070000000000000e+05
6.778822000000000000e+06
5.815385000000000000e+06
5.272723000000000000e+06
5.197423000000000000e+06
7.295820000000000000e+05
5.772445000000000000e+06
3.204153000000000000e+06
1.133353000000000000e+06
5.130014000000000000e+06
6.650957000000000000e+06
2.480883000000000000e+06
2.737150000000000000e+05
2.715578000000000000e+06
1.527246000000000000e+06
1.543817000000000000e+06
3.789170000000000000e+05
2.217311000000000000e+06
1.324396000000000000e+06
4.632988000000000000e+06
2.194208000000000000e+06
7.817967000000000000e+06
6.153089000000000000e+06
3.072608000000000000e+06
7.312630000000000000e+05
2.583288000000000000e+06
3.717293000000000000e+06
6.872306000000000000e+06
2.832630000000000000e+06
4.906460000000000000e+06
9.449830000000000000e+05
7.269319000000000000e+06
7.842817000000000000e+06
6.421619000000000000e+06
4.849775000000000000e+06
1.036020000000000000e+06
2.143749000000000000e+06
3.362061000000000000e+06
1.949678000000000000e+06
5.947592000000000000e+06
